,Real_Values,Extra_tree,Forest_Regressor
0,0.6931471805599453,0.5428869216079151,0.39541695681154615
1,0.009950330853168092,0.03514295125795784,0.08935667387482749
2,0.02955880224154443,0.177298990049082,0.1360487726659416
3,0.0,0.2840241917127003,0.171373374442308
4,1.0986122886681098,0.48087231377734324,0.4179952247723199
5,0.9162907318741551,0.5804683418682931,0.4696585840042778
6,0.01980262729617973,0.31841238460367055,0.21463114470056105
7,0.9162907318741551,0.665607148721643,0.6153818423726488
8,0.09531017980432493,0.45676930255324444,0.3699120605003139
9,0.009950330853168092,0.2499261744968096,0.38290345623841604
10,0.009950330853168092,0.17671492316989454,0.27128328786154693
11,0.0,0.34367182287951636,0.3015852313378861
12,0.4054651081081644,0.5922359385173102,0.5350224492056794
13,0.009950330853168092,0.5490230408099169,0.5319830607230404
14,0.0,0.4422568061606195,0.40379024228416804
15,0.04879016416943204,0.7347955133339948,0.7625996404907244
16,1.6094379124341003,0.6862423773528596,0.7100327484774002
17,0.009950330853168092,0.16337367369578346,0.2212672977860491
18,0.5877866649021191,1.984791688797769,1.9186141842915858
19,0.09531017980432493,0.4164601037112146,0.38101448286263234
20,0.11332868530700327,0.10924513181535188,0.0708466625041004
21,0.01980262729617973,0.3964528944010818,0.4647081598586224
22,0.1823215567939546,1.0511937206732296,1.2910123787528551
23,0.4054651081081644,0.33492175444922423,0.22861818019962854
24,0.5877866649021191,0.6962685033278672,0.7685989036341297
25,0.9360933591703348,1.4076746127548305,1.7086607012367758
26,0.6931471805599453,0.8381394941506147,0.7897502376309218
27,0.6418538861723947,0.4395954179024939,0.4059118350935478
28,0.4054651081081644,0.2293633845184245,0.1492351051125819
29,0.4054651081081644,0.18505908715138739,0.22126112489090308
30,0.6931471805599453,0.4565208658385425,0.35665441588888314
31,1.9459101490553132,0.8073372556016811,0.7071874968952437
32,0.09531017980432493,0.6866912509558669,0.6976106104798334
33,1.3862943611198906,1.0267757378142053,0.9238454955211799
34,0.4054651081081644,0.8597659754325785,0.7596879513900183
35,0.47000362924573563,0.17493624057504234,0.205390496188589
36,0.6931471805599453,0.8167297397565935,0.7206834406508881
37,0.7884573603642703,0.4696482663462096,0.5117757079229807
38,1.4586150226995167,0.9726797766180058,1.0110708304263851
39,0.1823215567939546,0.36780056032647496,0.3149219769983765
40,0.009950330853168092,0.1447566867321667,0.18395659075582962
41,0.0,0.08235686297994099,0.10897312445812896
42,1.0986122886681098,0.8399644384377659,0.8409937363109861
43,0.009950330853168092,0.8654497170867687,0.31332928784432673
44,1.9459101490553132,3.1566483049456986,2.9171972912313753
45,0.009950330853168092,0.1352749600759941,0.12162060046902462
46,0.09531017980432493,1.0378855061957488,1.1970266572048085
47,0.009950330853168092,0.12208091566734817,0.13399950174676797
48,0.01980262729617973,0.11021833197239998,0.05523117930961392
49,0.6931471805599453,0.5560066212021431,0.5093999633611117
50,0.6931471805599453,0.8438135465147755,0.7548744144718995
51,0.009950330853168092,0.13897787370695042,0.14555459155357137
52,0.03922071315328133,0.043472824970283756,0.03386975184209761
53,1.791759469228055,1.406982422890802,1.581535048623752
54,3.4339872044851463,0.9311138354210879,1.0925082654984013
55,1.6094379124341003,1.6917806263996622,1.6614906188083782
56,0.009950330853168092,0.41015096217755453,0.4847890521368496
57,1.0986122886681098,1.4815526581535665,1.381935626295135
58,2.0794415416798357,2.0075283122076506,2.386319308660198
59,0.11332868530700327,0.029344264592013697,0.021298792373509384
60,1.2237754316221157,0.9908105854857528,0.876170865094513
61,0.009950330853168092,0.7136699061268836,0.6909204120767702
62,1.3862943611198906,1.1253079926280511,0.9736060278677311
63,0.06765864847381486,0.2539138688567046,0.09067990599563183
64,0.009950330853168092,0.22176930930597652,0.4493739449209905
65,2.2823823856765264,2.2823823856765317,2.0911329268292214
66,0.6931471805599453,1.3317584632279285,1.3948443156476185
67,0.5877866649021191,0.342198514213027,0.3403384153627529
68,0.4054651081081644,0.2797828828138745,0.24273146039626695
69,0.0,0.12871115680000594,0.1524493092907951
70,0.04879016416943204,0.6976265602671038,0.7145474134545948
71,0.4054651081081644,0.6424894701666445,0.43486941245538735
72,2.1162555148025524,0.9375146257680533,1.0807275505202185
73,0.3364722366212129,0.35339659028073833,0.413848756083373
74,0.0,0.18202953152078882,0.2004367089731091
75,0.1823215567939546,0.0725926266520114,0.059318942787861824
76,0.009950330853168092,0.15847109127387635,0.18667279047791524
77,0.009950330853168092,0.36775339168581467,0.3849255112934041
78,5.075173815233827,3.5548312925529286,3.273869144934494
79,0.009950330853168092,0.2447201030556493,0.2572160731049096
80,2.0794415416798357,1.97667322321402,2.0348394743226663
81,0.26236426446749106,0.3164460277925367,0.24973663356622886
82,0.1823215567939546,0.46745316625815464,0.48340282543656987
83,0.09531017980432493,0.14522645306002216,0.14714042232643185
84,0.02955880224154443,0.2932568827448417,0.35915092473094035
85,0.01980262729617973,0.5073269916245547,0.5329547658370025
86,3.4735180432417816,0.9570666863912528,0.49565977060589916
87,2.9444389791664403,2.492025908238619,2.442791314393884
88,0.08617769624105241,0.5020779506591595,0.5521595687690308
89,0.6418538861723947,1.0781842218215276,1.055283569918457
90,1.0986122886681098,0.8713979577397468,0.7941366655387108
91,0.01980262729617973,0.7212962812172828,0.8048238176583883
92,0.3364722366212129,0.5249608397197468,0.4817849530680685
93,0.009950330853168092,0.09292950411946248,0.1008784069093023
94,0.009950330853168092,0.17905301060844628,0.20937785238577258
95,0.009950330853168092,0.5160526137004233,0.4675966181433737
96,1.0986122886681098,0.4439934922853122,0.5609318633088577
97,0.4054651081081644,0.967494547420456,1.1201554863136463
98,4.110873864173311,5.325638970165427,4.700241162431002
99,0.09531017980432493,0.5578438422197184,0.5647434935109777
100,0.009950330853168092,0.5855942187779304,0.5025615312769944
101,0.9162907318741551,0.5060735629523925,0.41090970824796186
102,4.844187086458591,3.8466118716275766,4.097061150394149
103,0.26236426446749106,0.10916455840761391,0.09533592020385263
104,0.009950330853168092,0.40346346143572887,0.3487175132727198
105,0.03922071315328133,0.1592367623555471,0.10601285972442322
106,1.791759469228055,1.374116153406353,1.500055717477499
107,0.47000362924573563,0.30870220259131675,0.3210490689521244
108,0.09531017980432493,0.19702020199879575,0.15774702703912177
109,0.009950330853168092,0.5787029344823404,0.5680108641183872
110,0.09531017980432493,0.7155177378877879,0.6990652615842932
111,0.09531017980432493,0.6523994031643351,1.0124978459742027
112,0.04879016416943204,0.2950459936925546,0.32313965316132015
113,0.3987761199573678,0.3713965704401563,0.2600736582999097
114,0.4054651081081644,0.5284245606590712,0.5184450758266725
115,0.009950330853168092,0.07671482737936895,0.10986316991336299
116,0.009950330853168092,1.0597477878835848,0.9634231244049742
117,0.01980262729617973,0.18698174378772972,0.19364079441615323
118,1.791759469228055,1.2884164839351886,1.3250198119785614
119,0.04879016416943204,0.5979087827161662,0.5431470291200965
120,0.6418538861723947,1.0863479519191503,1.0936955450207748
121,0.04879016416943204,0.15831673592583823,0.21460221975763838
122,0.0,0.2157431407156177,0.21367865260192104
123,0.09531017980432493,0.46572206622774365,0.500519677844626
124,0.009950330853168092,0.5370284209537762,0.4081196929000183
125,1.5040773967762742,1.1472814804364382,1.2994046655589795
126,0.0,0.0898599805289064,0.06388071646011728
127,0.0,0.5400437469025822,0.4685099166910748
128,0.01980262729617973,0.17243333632726598,0.25246787543814975
129,0.009950330853168092,0.46811372971760157,0.49567740446523734
130,0.6931471805599453,0.6187460555557365,0.5533957364350917
131,3.091042453358316,1.9564740137809329,1.7287501257605384
132,0.009950330853168092,0.6186729410436352,0.4653094859647643
133,0.009950330853168092,0.020171228164813412,0.0139375984477798
134,0.09531017980432493,0.6577958429390219,0.6814821306612835
135,0.09531017980432493,0.2910124485804139,0.2741232139591567
136,0.30010459245033816,0.230902516128396,0.1839422190159393
137,0.09531017980432493,0.14602792821740512,0.12185648608592257
138,0.12221763272424911,0.7230612342380752,0.6310322857410101
139,1.5040773967762742,0.9586975896741399,0.8225256539689729
140,0.009950330853168092,0.0324738399685497,0.0360072760722598
141,0.01980262729617973,0.22237237866873552,0.20310859188506103
142,1.4816045409242156,1.4197970899415733,1.2091751807026967
143,0.01980262729617973,0.30499110882620584,0.23264433528834888
144,1.6620303625532709,1.3137719367538219,1.261871001709349
145,0.009950330853168092,0.11019120484311845,0.056589563404010564
146,0.47000362924573563,0.1881046365923202,0.17568657085100503
147,0.08617769624105241,0.40262667521120876,0.41817222431412837
148,0.0,0.18534685474727344,0.2322198297276643
149,7.930932561530157,2.0262936655208397,1.9966775037328452
150,0.009950330853168092,0.4451264629558397,0.4267296462105324
151,0.009950330853168092,0.22374915677681959,0.19810931246634195
152,0.9162907318741551,0.5170124941320061,0.3992860770215762
153,0.4054651081081644,0.19709394921812226,0.11470355160823266
154,0.009950330853168092,0.26374473285914457,0.24124285034297702
155,6.38856140554563,6.024608269783156,5.675578009128207
156,0.04879016416943204,0.8686703245183791,0.9677111887461508
157,1.0986122886681098,0.4517634440234488,0.4689094313371138
158,0.009950330853168092,0.16614036346120564,0.17564688063820058
159,0.4054651081081644,0.31889277336531985,0.2620186018706654
160,0.009950330853168092,0.43169302001081,0.5579684612090902
161,1.3862943611198906,0.5602079772213095,0.5402324401319023
162,2.5649493574615367,2.152340086815618,2.261316542964826
163,0.4054651081081644,1.1380603646573175,1.0884515521899372
164,0.26236426446749106,0.2322995753558642,0.23101624678246654
165,0.03922071315328133,1.5210273967869838,1.5966897797163815
166,0.01980262729617973,0.12962543262376702,0.15735310208199021
167,0.1570037488096647,0.6536451499007466,0.5444316782151319
168,0.009950330853168092,0.044977433047441215,0.08026549166495946
169,0.009950330853168092,0.21780261209251037,0.18061079237797414
170,0.009950330853168092,0.19377810883325453,0.24336654582308748
171,0.009950330853168092,0.5679459377789637,0.6137171050650091
172,4.394449154672439,1.6293264461652905,1.530031144884079
173,0.009950330853168092,0.14398912016101412,0.0805562310517245
174,0.3364722366212129,0.18934458233044313,0.08862279611616276
175,5.123963979403259,4.634279247483472,4.561605578939089
176,0.4054651081081644,0.6199047486125577,0.6178591441176189
177,1.5216989981260935,1.299382346917382,1.3073930765055253
178,0.26236426446749106,0.3216388878930718,0.37307983764622404
179,2.6390573296152584,2.697625832706608,2.586404282835882
180,0.0,0.09828717708898863,0.06104259395954574
181,4.143134726391533,2.7073820655520455,2.9470966377586607
182,0.09531017980432493,0.48957493552009107,0.41482213012747565
183,0.4054651081081644,0.5159333466264253,0.5678153320892728
184,0.09531017980432493,0.4021994367354393,0.4001274537567013
185,0.09531017980432493,0.43157795076199923,0.32472900269624105
186,1.3862943611198906,1.4606274455575445,1.70715733535216
187,2.1972245773362196,0.6313245456494483,0.6595910403223444
188,0.009950330853168092,0.10369858424604173,0.08357656637065176
189,0.4054651081081644,0.8158898343615887,0.8073677501156972
190,0.5306282510621704,1.6972125165071503,1.6634737158269912
191,0.009950330853168092,0.3063362594710613,0.29650238216095187
192,1.3862943611198906,2.598171718921707,2.608606337689845
193,0.4054651081081644,1.0383653098556744,0.9209183226852379
194,0.02955880224154443,0.19924399684275426,0.17055744391235103
195,0.01980262729617973,1.2292351205583012,1.0211230375767664
196,0.4054651081081644,0.2935997664432194,0.23654566533995386
197,0.4054651081081644,0.4688688238325461,0.48045011452120034
198,0.9162907318741551,1.0214146208305166,1.0682189525332924
199,2.6390573296152584,1.6059329184263873,1.5175762095780696
200,5.966146739123692,1.6240701111712845,1.551306510078887
201,0.13976194237515863,0.2274670364702369,0.2989030457438
202,0.9162907318741551,0.5812400244026598,0.5656327147438238
203,4.276666119016055,3.4170914006372666,2.910820774936366
204,1.0986122886681098,0.060337900641004125,0.0781908973000238
205,0.009950330853168092,0.12299849986610925,0.1729916180316379
206,1.269760544863939,0.8915693277451914,0.8941792474937245
207,0.009950330853168092,0.06879847897299568,0.026316655517505446
208,1.6094379124341003,1.0690411457176072,0.9470664695587504
209,0.5877866649021191,0.18128580265119118,0.14992923759022314
210,0.009950330853168092,0.3594543164520428,0.3303028170919067
211,0.009950330853168092,0.2614766282379611,0.20573814194363516
212,0.4054651081081644,0.33880459576613503,0.397813378803625
213,1.8718021769015913,0.21675677020237172,0.21907779114668327
214,1.3862943611198906,1.0254907570602654,1.04649142206684
215,1.0986122886681098,0.8767269861086985,0.9682408107090371
216,0.009950330853168092,0.06024790968517856,0.037231375134028154
217,0.04879016416943204,0.25420656526396956,0.20180109912685754
218,1.0986122886681098,2.0270452883134977,2.2108949451858955
219,0.009950330853168092,0.2466351679202036,0.21370919335581806
220,0.6931471805599453,0.5049281207386681,0.6650290020882684
221,0.4054651081081644,2.162190430088066,1.9002032992562357
222,5.638354669333745,4.596466450741063,4.399580311306807
223,0.5306282510621704,1.2048715829593593,2.2212842228533094
224,0.4054651081081644,0.44727525579563765,0.3725043487864416
225,0.4054651081081644,0.38187186716857946,0.34621161807354534
226,0.6931471805599453,0.9352704043725281,0.8457277008364281
227,4.197502654324727,2.415134505256976,2.3154161939995643
228,1.0986122886681098,1.558515217627213,1.4114911240640697
229,6.53813982376767,4.456043693157815,4.73192041471643
230,0.009950330853168092,0.16013605832133637,0.14229215494982442
231,0.0,0.032186193465573165,0.0723036293049617
232,0.6931471805599453,0.7744805725731457,0.751568664154847
233,1.0986122886681098,1.8649811316240175,1.8779109298005934
234,0.009950330853168092,0.23482011238456915,0.32317628452352104
235,1.9459101490553132,1.053954083392889,1.10262968025303
236,0.9162907318741551,1.0016280907606747,1.0535980132507263
237,0.6931471805599453,1.5002414213580857,1.5873684836960487
238,0.01980262729617973,0.04180073643130597,0.06048636774043594
239,0.26236426446749106,0.24571767371812617,0.2909213159594293
240,0.9162907318741551,0.6773928116994739,0.7141861055133765
241,0.04879016416943204,0.10432259442709338,0.09103579594465927
242,0.4054651081081644,0.8512021847276017,0.8575599458958449
243,0.009950330853168092,0.15812358176597008,0.1490920435386016
244,0.4054651081081644,0.5996135561030128,0.5692428868307858
245,0.6931471805599453,0.3497152780919307,0.25972789520075296
246,0.009950330853168092,0.38591813080071224,0.39754901667465853
247,0.04879016416943204,0.11974983409639811,0.14322071293100694
248,0.009950330853168092,0.06537376396249284,0.03941141725315981
249,0.412109650826833,0.2872105812598338,0.2392997610502813
250,1.3862943611198906,0.5919769643494139,0.5529342588818706
251,0.11332868530700327,0.10466409769798263,0.06748650118918743
252,0.6931471805599453,1.5703887146477131,1.7068917475278886
253,1.0296194171811581,1.48113127172628,1.2263511247898609
254,0.6931471805599453,0.3276728874697621,0.30966942214990106
255,0.0,1.4880494419720716,1.2005991747068936
256,0.009950330853168092,0.11879056584589223,0.2580433906280512
257,3.3877743613300146,3.3877743613300044,2.725926854669315
258,1.3862943611198906,0.5989565674048302,0.9389361936420194
259,2.1972245773362196,1.1565414906564364,1.0523356033488434
260,1.8718021769015913,1.5263894076528082,1.5299817811833996
261,0.0,0.09212851556737062,0.03649157712504814
262,0.5877866649021191,1.2787737718192869,1.2970969903891418
263,0.1823215567939546,0.32283497683880347,0.2823881116132733
264,0.9162907318741551,0.5748813547709802,0.507964850287618
265,1.6094379124341003,1.6094379124341032,1.1719364519144753
266,0.04879016416943204,0.5218715236335767,0.7537315959833097
267,0.01980262729617973,0.029191034161270907,0.016512723468715004
268,2.3933394562625097,1.3280928599476869,1.5170228359388636
269,0.009950330853168092,0.09315854161780882,0.05631392983691269
270,0.9162907318741551,0.6199481884194606,0.533511053279835
271,1.3862943611198906,3.1143200812858454,3.143729919067583
272,0.4054651081081644,0.5363074196933499,0.507915568944904
273,0.16551443847757333,0.7232027988888438,0.660915735431969
274,0.009950330853168092,0.7339675526461581,0.7361164925506736
275,0.009950330853168092,0.5885712494067683,0.5269460759540572
276,0.0,0.27120079018887444,0.28076041241818983
277,0.009950330853168092,0.4902887499423177,0.45077380398242817
278,0.009950330853168092,0.7934133178863868,0.7775158448370333
279,0.01980262729617973,0.14637190917344914,0.14633348351663727
280,0.4054651081081644,0.47024311384958706,0.4486205491907835
281,0.01980262729617973,0.4703831641594979,0.3732063183755125
282,0.6931471805599453,0.12920759475994228,0.20347054984354263
283,0.09531017980432493,0.25015160954526994,0.2116700529749264
284,0.0,0.11035722409434545,0.10176302242610857
285,1.791759469228055,3.196626998211312,3.496043902333393
286,0.9162907318741551,0.6620075557411795,0.5099666970913465
287,0.04879016416943204,0.5537355161585173,0.5998716917311743
288,1.0986122886681098,1.1151887341815712,1.0599767028820695
289,0.0,0.057366563270359675,0.10548206044251263
290,2.9652730660692823,2.8525564967816552,3.0023800407142285
291,0.009950330853168092,0.04300168563076046,0.04335176298631767
292,0.9162907318741551,0.37918040285993754,0.25880857259422735
293,0.0769610411361284,0.2125806837166822,0.23609624627328307
294,1.667706820558076,2.7596370746250813,2.3834358611176705
295,0.8285518175661483,1.4474354582398363,1.421483214057846
296,0.009950330853168092,0.03809046555382992,0.060508666995361005
297,0.4054651081081644,0.31771783393168307,0.29658224642305925
298,0.26236426446749106,0.26880866094063105,0.27608072096442726
299,0.6931471805599453,0.16956178112398515,0.19807017500856447
300,1.6094379124341003,2.3956394546441855,2.719411205018586
301,1.3862943611198906,0.731184931892062,0.6245084348606994
302,0.02955880224154443,0.3628882132969384,0.55787494184665
303,0.09531017980432493,0.04522205368611754,0.02787393991238614
304,0.03922071315328133,0.5434453676893448,0.5266358581329841
305,0.6931471805599453,0.6271303034078283,0.721416729792535
306,0.5306282510621704,0.43263769351081927,0.30360913101898135
307,0.009950330853168092,0.9297646263107309,1.0689341406368373
308,0.6626879730752367,0.9146543819157843,0.7808028964416076
309,1.0986122886681098,0.14815079665685973,0.11348612836273013
310,0.09531017980432493,0.22163171853315045,0.3040682614502523
311,0.1823215567939546,0.19549754061411115,0.1254583200023733
312,0.6418538861723947,0.7877428800825669,0.991970748453009
313,0.009950330853168092,0.28967601381016816,0.4658525610823603
314,0.1823215567939546,0.06560770122924735,0.07373811607299557
315,1.3862943611198906,1.0200662400253413,1.0215848114753343
316,1.0986122886681098,0.5438151588961923,0.6666720245787743
317,0.009950330853168092,0.14155809607870265,0.180827825409705
318,0.4054651081081644,0.2856899060646089,0.2295830432047833
319,0.058268908123975824,0.28407846015518234,0.22880092438051908
320,0.009950330853168092,0.03939627573410776,0.020782071783642605
321,0.009950330853168092,1.8940769637275667,1.6480492176851116
322,0.6931471805599453,0.13057836883991913,0.22753830021876265
323,0.1823215567939546,0.2070529323133589,0.22085926615738816
324,1.3862943611198906,0.5555443373148456,0.5446337774158627
325,0.009950330853168092,0.11906948948815524,0.14604065349351583
326,0.4054651081081644,0.24955513958013126,0.19846225303417217
327,0.5877866649021191,0.4239017384072513,0.3664722894930461
328,1.0986122886681098,1.483962851439571,1.4576962729048504
329,0.0,0.02328952916209668,0.016501761728022323
330,0.09531017980432493,0.6052189725515716,0.4206694888986042
331,0.009950330853168092,0.2339745607507796,0.19658849771484374
332,0.09531017980432493,1.9446477782275071,1.609169072706317
333,2.0794415416798357,1.8807848421670612,1.8000281218352665
334,0.4054651081081644,0.20828168115155854,0.2202925292020046
335,2.1972245773362196,2.240464328604382,2.013491243350656
336,0.09531017980432493,0.39668693047598474,0.45436900899426
337,0.009950330853168092,0.32281539281042754,0.23603983767333744
338,0.02955880224154443,0.29119617044385016,0.19877959471854137
339,1.0986122886681098,0.5591942020421832,0.5436808184129325
340,1.0986122886681098,1.3982131559378002,1.4548766086225107
341,0.4054651081081644,1.040236589957533,1.076611971000928
342,1.0986122886681098,1.0224604568953175,0.813086481309738
343,0.009950330853168092,0.1684826191589745,0.16519395297926182
344,0.0,0.1727784678743767,0.13805727933871567
345,0.11332868530700327,0.029189217799421838,0.049619872131840326
346,0.4054651081081644,1.2529259832062023,1.1898110862355817
347,0.009950330853168092,0.1394022555825325,0.11257067843543911
348,0.009950330853168092,0.2696218362164369,0.2117796191865712
349,0.06765864847381486,0.3537840250952468,0.39436683573583214
350,0.9162907318741551,1.0413384292084935,1.1443224282964302
351,1.3862943611198906,1.2158781504935825,1.409851000614478
352,0.0,0.11083669672618489,0.06199944639082958
353,0.0,0.08161807507609684,0.04360296709796351
354,1.0986122886681098,0.8849804411302287,0.7181742314503664
355,0.04879016416943204,0.1683209112074857,0.3861591350238593
356,0.09531017980432493,0.05784816763043201,0.06191749475730902
357,0.09531017980432493,0.09929287386377311,0.04778831109109089
358,0.01980262729617973,0.08719031497597894,0.08437883311912804
359,0.6931471805599453,1.336088554344468,1.3812184562510543
360,2.3978952727983707,2.025703923758334,1.685830067479156
361,1.9459101490553132,0.4700638768857959,0.5674065438393496
362,0.0769610411361284,0.4302139657012504,0.41339497758768035
363,0.02955880224154443,0.16102333397887458,0.11568607804555361
364,0.0,0.7150734525711353,0.5746067800776612
365,0.009950330853168092,0.24753630149582245,0.18900824196373847
366,0.5877866649021191,0.1521126728166929,0.13307389323767335
367,0.09531017980432493,0.2619092242689958,0.18456241605253162
368,0.009950330853168092,0.12070840974190325,0.1632022593188179
369,0.009950330853168092,0.4505331323099175,0.4142996676985481
370,0.6931471805599453,0.3907233245049081,0.497735153639141
371,0.04879016416943204,0.03778871836496404,0.05142414152977244
372,3.493472657771326,1.5849743844346114,1.4600348367626614
373,0.009950330853168092,0.7713705571948841,0.8322879940897642
374,0.009950330853168092,0.2532111059758904,0.2598467917814242
375,0.6931471805599453,0.802098610689703,0.7217286231328309
376,0.3364722366212129,0.10175721488581019,0.07453914766792462
377,0.009950330853168092,0.18797523505586125,0.2715556264993365
378,0.09531017980432493,0.45018213833813314,0.5417124780557647
379,6.20455776256869,4.903563601585692,4.151276168728313
380,0.009950330853168092,0.0774488843456843,0.09526520861367095
381,0.19885085874516517,0.14359121534472988,0.16448625481973175
382,1.0986122886681098,0.6324981069784553,0.5617073226655882
383,0.009950330853168092,0.130432695282458,0.21901047774933474
384,0.0,0.10776319192476634,0.08542570949330536
385,0.3364722366212129,1.373070182170696,2.1350663900989737
386,0.009950330853168092,0.30549895095461144,0.32358134242027253
387,0.009950330853168092,0.22440248119177192,0.20935341255873957
388,1.3862943611198906,0.49368555597711855,0.4914384762114159
389,0.09531017980432493,0.7736195668214705,0.9991258812367468
390,0.02955880224154443,0.10670043045696533,0.08828570032696983
391,0.6931471805599453,0.9119903810939721,0.9445274338839188
392,1.252762968495368,0.9634248271556115,0.9157454729030118
393,0.1823215567939546,0.8776834849372502,0.73734960946892
394,1.6094379124341003,1.267422787874312,1.5731429320033679
395,0.6830968447064438,0.4459585336382127,0.44551430622734445
396,0.009950330853168092,0.08299445926912162,0.07251839189028232
397,0.4054651081081644,0.35188903719867276,0.4702246205585172
398,0.009950330853168092,0.08611765622538653,0.09186939166874591
399,0.02955880224154443,0.11863437262365982,0.11715995917355417
400,1.6094379124341003,1.6102354500361538,1.7972965776546994
401,0.02955880224154443,0.2200914993516251,0.16111520085021397
402,0.0,0.42736026356788837,0.36856801184287646
403,1.9459101490553132,0.6407988670285759,0.6145700006898831
404,0.1823215567939546,0.3450243415099392,0.2928612414474748
405,0.6931471805599453,0.9384263401799742,0.9737458681865445
406,0.0,0.11267981141880996,0.09786165286496505
407,0.4054651081081644,1.0662100010714994,1.1517998535541876
408,1.0986122886681098,0.5892707082577915,0.45066642535289475
409,0.9162907318741551,0.5872675368916735,0.6678478561450666
410,0.04879016416943204,0.09910331979312756,0.05950636049439767
411,1.6094379124341003,1.68912001225351,1.5913659938754414
412,0.09531017980432493,0.11789330619591677,0.1920606808266186
413,3.1170645587215158,2.7349831726248737,2.834417495998343
414,0.0,0.22646887672603164,0.23906822010779674
415,0.30748469974796055,0.4772403855798749,0.5527689034187072
416,0.6418538861723947,0.3759034583772374,0.35442569964968224
417,2.1644717908644115,0.5951436305411921,0.4919798121877651
418,0.01980262729617973,0.07495447917181512,0.07726400496799016
419,0.009950330853168092,0.32469512969487313,0.2541979804549194
420,0.4054651081081644,0.445874269272377,0.3897444687492573
421,0.009950330853168092,0.04646928095289617,0.0391132647893942
422,0.3364722366212129,0.7644878491728736,0.8430783049495817
423,0.1823215567939546,0.4658145183312829,0.41995751624224775
424,0.009950330853168092,0.39071851260586093,0.4871574335022487
425,0.009950330853168092,0.1236328380860309,0.13720722752237957
426,0.009950330853168092,0.12294710172405163,0.07214749311436303
427,0.009950330853168092,0.49421205598177437,0.5328163374935202
428,0.01980262729617973,0.15559016194361092,0.11481945651489926
429,0.009950330853168092,0.14894062348469175,0.14789366807238996
430,0.009950330853168092,0.10886528716271447,0.0963004354816171
431,0.4054651081081644,0.9539471935689182,0.8978546664069625
432,1.0986122886681098,0.5235713754146569,0.7773953548314111
433,0.04879016416943204,1.225013490918136,1.149541080989639
434,1.252762968495368,1.0670511541157304,1.1965408752986775
435,0.01980262729617973,0.3827630870373888,0.3612991306930644
436,0.0,0.032103424879667795,0.03662071268709245
437,1.0986122886681098,0.31297508840911786,0.32974708428304256
438,0.4054651081081644,1.0794620255736134,0.8680088271343882
439,2.302585092994046,1.1424537340769696,1.2214603083477298
440,0.009950330853168092,0.1786625205399755,0.1671804438501283
441,0.009950330853168092,0.03878535216617925,0.015800496820912373
442,0.13976194237515863,0.3367795208691728,0.5057468101864936
443,0.1823215567939546,0.2332813436300781,0.3378295798096579
444,0.6931471805599453,0.5572448875594955,0.5321710870845299
445,0.9162907318741551,1.5322764529901522,1.5371750303024259
446,1.247032293786383,0.5048509590538272,0.45156627390632
447,0.13976194237515863,0.03684543177702507,0.03156782600333878
448,0.009950330853168092,1.124821264870841,1.16713392695344
449,0.13976194237515863,0.03260312210701812,0.021300244448883576
450,0.6259384308664954,0.18329325917672176,0.20053505789084414
451,0.3148107398400336,0.5745053503901976,0.7587541122053707
452,0.26236426446749106,0.35817053369490415,0.467889687092089
453,0.009950330853168092,0.12913056794901182,0.11001678695077835
454,3.044522437723423,2.035565081363248,2.233373889425909
455,0.03922071315328133,0.16102951788282158,0.1878807121302841
456,0.4054651081081644,0.30630533835956525,0.39694949311160704
457,0.20701416938432612,0.5634739053274475,0.5405014701904978
458,0.4054651081081644,0.5872381449461224,0.5836287506773974
459,0.009950330853168092,0.07618123114341739,0.06839045765307905
460,0.009950330853168092,0.15120857630192916,0.1511608074686074
461,0.4054651081081644,0.4508310063868513,0.39886267624889804
462,0.3148107398400336,1.4636466915756885,0.8677095339313344
463,0.08617769624105241,0.14571068717345959,0.10713213883207555
464,0.0,0.18304755600239836,0.13332298890598593
465,1.3862943611198906,0.8320365259848181,0.8475358591080884
466,0.009950330853168092,0.16889980153783035,0.15536073395132446
467,0.4054651081081644,1.4449821070402415,1.5712209441472593
468,0.4054651081081644,0.13647861121079505,0.09820636971994327
469,0.6931471805599453,0.8975777553782431,0.848173191971022
470,1.0986122886681098,0.9668023590926696,0.8958098235153166
471,0.1823215567939546,0.4937979967393514,0.48740263501679953
472,0.4054651081081644,1.88899304028371,2.211522993705783
473,0.009950330853168092,0.13843377827511594,0.1360820054683977
474,0.4054651081081644,0.25458039796130866,0.19713907071467443
475,0.26236426446749106,0.24418303785660778,0.18929917454882714
476,0.009950330853168092,0.2275348321769587,0.3369881889027391
477,0.4382549309311553,0.3385677594120797,0.2927601494582294
478,0.6931471805599453,0.7541677730283047,0.7054164001953832
479,1.3862943611198906,1.8622613685331597,1.6413335786546077
480,0.09531017980432493,0.3874161652115308,0.40038732878662214
481,0.009950330853168092,0.08702827789877851,0.27981001033069935
482,0.26236426446749106,0.5724512054146195,0.6246925112651726
483,0.6931471805599453,0.6099089182218882,0.6199182276603055
484,6.6125919583156945,5.33446511536362,5.852919901426449
485,0.009950330853168092,0.40504344619568916,0.4325650229701099
486,5.075173815233827,5.246832235796734,5.168169886337467
487,0.0,0.02755770600539759,0.020850702799630198
488,0.09531017980432493,0.5181292597944573,0.5564125792124098
489,0.6931471805599453,0.18667040064390986,0.17912411739508677
490,0.6931471805599453,0.37369894602194514,0.40227648894011236
491,2.0869135565185366,0.8376842795441077,0.8066024397546094
492,1.8718021769015913,0.6042218278460989,0.7597157260948717
493,1.6094379124341003,1.4297883710271444,1.4636771441027365
494,1.0986122886681098,0.7958437922864987,0.758993656254203
495,0.08617769624105241,0.9047164772871835,0.9679661167298463
496,0.009950330853168092,0.11261002408092935,0.10934080116462487
497,0.9162907318741551,0.5853223803045069,0.580470856069928
498,3.4011973816621555,2.9600892171211597,3.4657379464251177
499,0.4054651081081644,1.0577240810915531,0.9299624263084185
500,2.0592388343623163,0.3288544172415795,0.31389369394716427
501,0.6418538861723947,0.5357559195937702,0.5365405603136505
502,0.09531017980432493,0.32599898006432215,0.31698981679947136
503,0.02955880224154443,0.18416284802911145,0.11564648788290174
504,5.3612921657094255,4.127876561583263,4.458112181373339
505,0.3364722366212129,0.4246654581228524,0.36966793875723475
506,0.009950330853168092,0.08037234905506056,0.05442220534151091
507,0.01980262729617973,0.18496552834214142,0.1808485818530717
508,0.009950330853168092,0.4554749124605369,0.5602114937967867
509,0.058268908123975824,0.466514581629602,0.36471630076226824
510,0.02955880224154443,0.24380976502901797,0.26595359945190045
511,0.009950330853168092,0.33119915619871315,0.22908099752418554
512,0.03922071315328133,0.14758193604164804,0.0769522276810169
513,0.09531017980432493,0.053708749716685114,0.036486166839968
514,1.827769906751088,0.11162823201730694,0.14699006680359403
515,2.1972245773362196,4.753798666223821,5.30294152301244
516,0.009950330853168092,0.030218134182983324,0.029437908980791017
517,0.22314355131420976,0.35786521917400516,0.3617142523251505
518,0.47000362924573563,0.5593470764214544,0.5089389369211655
519,0.10436001532424286,0.03574274117971449,0.07423441028633729
520,0.02955880224154443,0.22099216770341204,0.23968664497109335
521,1.791759469228055,1.0140250845591887,1.0504872209746343
522,0.009950330853168092,0.8166294555631187,0.7775689093634096
523,0.04879016416943204,0.11706908381931998,0.0406992961221232
524,0.03922071315328133,0.6469382583724937,0.7562237287870387
525,2.302585092994046,2.7225732910936715,2.5720709210586143
526,0.7419373447293773,1.079800842230038,1.106523801726767
527,0.0,0.05684380070860844,0.03913455139862911
528,1.0986122886681098,0.44531645549703375,0.4963603547520805
529,2.785011242238338,2.4472285444177517,2.65304888787856
530,0.01980262729617973,0.13148172343583162,0.07080229547899046
531,0.6931471805599453,0.5967821049576226,0.5807524943363892
532,3.58351893845611,1.7888761627407697,1.839103672822971
533,0.0,0.9846178816496675,0.721285034792318
534,0.009950330853168092,0.37747193014416164,0.2700182887657625
535,0.01980262729617973,0.19464293949926717,0.3735716734333044
536,0.02955880224154443,0.29805131165402665,0.36073581628569246
537,0.06765864847381486,0.122466056456918,0.2717768304408831
538,0.6931471805599453,0.2185130365126056,0.22064049156970525
539,0.6931471805599453,1.2634015316401033,1.2606163323110076
540,0.6931471805599453,0.5945976634233745,0.6017658591372964
541,0.01980262729617973,0.6544510860455197,0.7317263453367451
542,0.02955880224154443,0.32862877266949786,0.3758169069838001
543,0.8329091229351039,2.2982331576991806,2.30284376841396
544,0.47000362924573563,0.12501201971895842,0.14125313257253758
545,0.009950330853168092,0.4307900702073951,0.3456559285808417
546,0.6931471805599453,0.4799898961247059,0.39570044389421916
547,0.4054651081081644,0.42805664852154995,0.3540723800327965
548,1.0986122886681098,2.2302718912853403,2.160968735097734
549,0.4054651081081644,1.4211716725583887,1.396694549895048
550,0.009950330853168092,0.46765416992166153,0.4016753315070065
551,0.009950330853168092,0.2876202713513958,0.3332010426494702
552,0.4054651081081644,0.3272540742788111,0.4719421918824834
553,0.9162907318741551,1.157889171677684,1.099670933387224
554,0.09531017980432493,0.4895363701012107,0.45622127418232916
555,0.009950330853168092,0.07571562123248417,0.09546946013252508
556,0.8064758658669485,0.5477976497080619,0.47229596787681905
557,0.009950330853168092,0.516332113382889,0.6795751617746165
558,1.9459101490553132,0.5645250847530068,0.5910498056522102
559,1.6094379124341003,0.8106728367792272,1.0138734937614433
560,0.009950330853168092,0.9767343032589918,0.9207028739077496
561,3.676300671907076,3.3401201213376055,3.1258596970546937
562,0.009950330853168092,0.23680528211750995,0.24461639689645717
563,0.09531017980432493,0.5215932511446146,0.3668358486334401
564,0.0,0.09869273617208446,0.07846886664500045
565,4.836281906951478,1.306351200754269,0.9509231979771863
566,0.4054651081081644,0.21308487396158907,0.19998190371833036
567,1.0986122886681098,1.2944939060296823,1.291884908533093
568,1.252762968495368,0.62459245423151,0.65319251052082
569,0.12221763272424911,0.13111242698730619,0.14328225967516653
570,0.4054651081081644,0.43381711962660413,0.5256720554836241
571,4.5954228345332115,3.261822057770005,3.557566864943577
572,2.0149030205422647,0.2192986865460305,0.22392325093995155
573,0.09531017980432493,0.4944934157951971,0.44600993384469184
574,0.009950330853168092,0.06500610781063894,0.046251955316736496
575,1.0986122886681098,0.4704553447179391,0.522402630092482
576,0.09531017980432493,0.7074893258562868,0.5777025692971554
577,0.4054651081081644,1.0495508076520723,0.8742391695149346
578,0.009950330853168092,0.30899757528643224,0.3656680474672974
579,0.4054651081081644,0.22594840925858745,0.323102210003094
580,0.8064758658669485,0.19772023132573796,0.22931457488429627
581,0.01980262729617973,0.0701196859951273,0.08194159020732047
582,0.4054651081081644,0.7631483697160584,0.7831414034933768
583,0.4054651081081644,0.6736347388289536,0.7400260879366815
584,0.01980262729617973,0.5235980808999134,0.5797563510504511
585,0.4054651081081644,0.24005513719884727,0.2098735608154303
586,4.243051882383293,3.28971598635829,2.628730865244429
587,1.0986122886681098,0.6072411649123111,0.6367917245924734
588,1.0986122886681098,1.5503281259387944,1.5849859277713836
589,0.009950330853168092,0.1336426256114237,0.08782675429121109
590,0.6931471805599453,0.8471910389436687,0.9277828318342594
591,0.9162907318741551,1.1605106076445488,1.1422926043560186
592,0.009950330853168092,0.16718327709977018,0.17763179539800106
593,0.9162907318741551,0.43410390066638926,0.4135741452184464
594,0.009950330853168092,0.3541959925631096,0.3057758708624487
595,0.06765864847381486,0.05357998289405629,0.08409617423702559
596,0.01980262729617973,0.18281304080077276,0.23593686727058163
597,4.56954300834494,1.7693167653118291,2.112882431410309
598,0.1823215567939546,0.11673465464348114,0.1240368370219524
599,0.09531017980432493,0.29201929296269147,0.19328723878269316
600,0.0769610411361284,0.062084947714091426,0.07155107315619527
601,0.6931471805599453,0.49961296802883043,0.43342116614714654
602,0.09531017980432493,0.4996405443133702,0.4223384970185004
603,0.6981347220709843,0.5703965921869693,0.49268373408623867
604,0.0,0.11549450305510046,0.12440698657265932
605,0.01980262729617973,0.3963856357361507,0.38130236905332177
606,0.009950330853168092,0.026404225221160843,0.0162914934467207
607,0.6931471805599453,0.32183462519627226,0.2768423119382183
608,0.009950330853168092,0.3451186729335303,0.21320846094505963
609,0.1823215567939546,0.4186431003903263,0.21968386976901577
610,0.6931471805599453,1.526087014045836,1.366127854025429
611,0.0,0.12614271563753024,0.04527102295762069
612,0.009950330853168092,0.9201060774507935,0.42442297481222185
613,5.517452896464707,3.1089058324981336,2.9414767723709945
614,1.6094379124341003,1.1042157585753565,1.1209642411257368
615,0.4054651081081644,0.22306648001549223,0.26489700441807396
616,2.5680215564985067,3.184014348674482,3.171474835411513
617,0.09531017980432493,0.7093874310588154,0.5601017846149428
618,0.09531017980432493,0.4762584519932559,0.5623977014111392
619,0.009950330853168092,0.14262778571432166,0.18116435960720648
620,0.0769610411361284,0.3024340849666562,0.2364533809789259
621,0.6418538861723947,0.9314004958930873,0.7176166535861236
622,5.87493073085203,2.239508446576938,2.6387449836360997
623,0.009950330853168092,0.31192731062892387,0.22485118038183177
624,0.009950330853168092,1.0978832665016367,1.1500506168715925
625,1.840549633397487,1.1705798069013809,1.1617362436824796
626,0.009950330853168092,0.10130865541890471,0.06319959828165385
627,0.04879016416943204,0.0532286893442614,0.027762759091878683
628,0.6931471805599453,0.32255605639617096,0.3919887677753709
629,0.0,0.40689462368065366,0.3247116922187784
630,0.6931471805599453,1.3033144684101574,1.4141230459222998
631,0.09531017980432493,0.5646217939176135,0.4472880166198654
632,0.009950330853168092,0.2695004069683568,0.3221067385564647
633,0.09531017980432493,0.4787144037525689,0.45625685756463485
634,1.3862943611198906,0.673225643456678,0.9195639961682696
635,0.6931471805599453,0.46044149269275236,0.3504080925972673
636,0.0,0.124251672012747,0.15935516147344128
637,0.6931471805599453,0.7240779676511231,0.7747061658835674
638,0.009950330853168092,0.15644414025639558,0.18242292019584372
639,0.6931471805599453,0.6035592828865295,0.4812461106417145
640,0.02955880224154443,0.6674068576308373,0.5355087923061561
641,0.13976194237515863,0.3416234157311856,0.3044328964251082
642,0.4054651081081644,0.37781355147438334,0.25913460770978225
643,0.26236426446749106,0.3654097081655385,0.3856413372723175
644,0.4054651081081644,0.17848338386760576,0.1513519172909652
645,0.02955880224154443,0.5611664909916219,0.7945124545717871
646,0.9162907318741551,0.3223160022296349,0.25418550872073653
647,2.0794415416798357,0.98302948614534,1.035200067437742
648,0.1823215567939546,0.381384229182343,0.4402780749367231
649,4.48863636973214,2.4107975963582042,2.203184148364898
650,1.4350845252893227,2.6501868002542026,2.67361782554978
651,0.0,0.03415558844558027,0.07895213125488004
652,0.6418538861723947,0.9567349816369548,0.8716820528533453
653,3.5263605246161616,2.725552123215925,2.676756140765375
654,0.09531017980432493,0.20671289636187368,0.17097041940882374
655,0.6418538861723947,0.5732107150355548,0.6146232880149531
656,0.6931471805599453,0.5411924045114744,0.5127368390230672
657,1.6094379124341003,0.12715914508389306,0.09896253000884725
658,0.6931471805599453,0.2877308198944898,0.2403154890582395
659,0.5306282510621704,1.2319307333822376,1.258224190102218
660,0.009950330853168092,0.2675610062871186,0.20278916439659853
661,0.04879016416943204,0.16917934045973645,0.15980654372006892
662,0.009950330853168092,0.2332156433072579,0.2531453722972069
663,0.0,0.15029888996384286,0.16718017895066045
664,0.009950330853168092,0.5516199083659642,0.5384896294363644
665,1.252762968495368,0.5957779838428595,0.5116380513360024
666,2.772588722239781,3.0878357501665294,2.8896996590856014
667,0.009950330853168092,0.12978471482536025,0.1629802876698884
668,1.0986122886681098,1.7853927477571103,1.5781704994276138
669,0.009950330853168092,0.2731387386254775,0.43878499811621874
670,0.4054651081081644,0.022943483669205896,0.02896715636198834
671,0.058268908123975824,0.5744918908710062,0.8148504934312001
672,1.7578579175523736,0.5309087081224698,0.4137042094523331
673,0.09531017980432493,0.2791052670034702,0.3151608779142022
674,0.0,0.5337845924682191,0.30682481576878
675,1.791759469228055,1.5524190502210249,1.5857603716408502
676,1.0986122886681098,1.419983978607855,1.483125386668915
677,0.4054651081081644,0.43123323017593806,0.28286903091562426
678,3.2108436531709366,1.7568219740281286,1.8401173488286495
679,0.4054651081081644,0.39737912466067987,0.5169495541447917
680,0.09531017980432493,0.13432465639366187,0.15416255863933315
681,0.4054651081081644,1.0632988992964143,1.0313082729628578
682,0.009950330853168092,0.1538040311621298,0.18892229920968706
683,0.6931471805599453,0.7564078573101862,0.6662152494537459
684,0.4054651081081644,1.0284973071599652,0.9710344633105072
685,0.04879016416943204,0.13103006653053678,0.09282690788208114
686,0.009950330853168092,0.2532635264713903,0.20889040194931038
687,0.1823215567939546,0.16825221677003338,0.14756944893245877
688,0.1823215567939546,0.32475867510295037,0.26474138276964165
689,1.3862943611198906,1.887235812079323,1.7657261132723996
690,0.1823215567939546,0.3881572418375479,0.3649680280249782
691,3.713572066704308,2.574749831808753,2.36230229784075
692,0.0769610411361284,0.20711310237999686,0.25335239156746414
693,0.09531017980432493,0.3991002248521237,0.30453597449193937
694,1.3862943611198906,0.5967843426410705,0.4707225200551701
695,1.0986122886681098,1.642743904758152,1.850017662893177
696,1.3862943611198906,0.284400416261982,0.22890675548717038
697,1.6863989535702288,1.3845397795402712,1.2417252125085927
698,0.009950330853168092,0.015896537242383237,0.013315978244772772
699,2.0794415416798357,1.8680210773092352,1.992398173976356
700,0.01980262729617973,0.25372179944678525,0.1658544084510224
701,0.009950330853168092,0.28604552065720396,0.2015845708433736
702,0.009950330853168092,0.1979807940951415,0.18021009181219622
703,1.6094379124341003,0.2957096102264668,0.3424365972265248
704,0.009950330853168092,0.15238404495393304,0.13797630972912775
705,0.009950330853168092,0.8981147820855621,0.7815926099471675
706,1.6331544390514163,0.9954503208526002,1.2683680815195646
707,0.3364722366212129,0.8263891817742358,0.5276326591535953
708,0.009950330853168092,0.4231586264375354,0.40936611026260067
709,0.9162907318741551,0.3699468135104256,0.42637718241643713
710,1.3862943611198906,0.6115597778709214,0.7403284798305925
711,0.01980262729617973,0.39167717601093704,0.21693541056278243
712,0.47000362924573563,0.4581792848867917,0.38795586480703603
713,0.0,0.16631656410456674,0.14815129836205584
714,0.04879016416943204,0.5571708636649235,0.603372439887672
715,0.009950330853168092,0.4795219458701387,0.4462610962277974
716,1.252762968495368,0.2971765139922317,0.5101155875152087
717,0.5306282510621704,0.3722756367524246,0.3230054052108668
718,0.1823215567939546,0.6132259307434115,0.5051724344200913
719,0.0,0.06175948444983056,0.05230027059677312
720,0.4054651081081644,0.2806922234150238,0.3700717822881863
721,0.009950330853168092,0.19391993757440618,0.19037583180536008
722,0.09531017980432493,0.12188505200846335,0.10702154918533717
723,0.6931471805599453,0.5678725222890715,0.596766857902289
724,1.4816045409242156,0.48050124841485276,0.34654643187933154
725,1.0986122886681098,1.1909112192472113,1.1889283197743128
726,0.01980262729617973,0.36446111350453286,0.30979934384424
727,0.0,0.12883415773389117,0.12235311196889567
728,2.0794415416798357,1.6819804022426181,1.7624054782805312
729,1.6094379124341003,1.739013700660891,2.196648711930495
730,1.3862943611198906,1.8239925886933563,1.7622190111109064
731,0.009950330853168092,0.32168608676450816,0.2762803954090359
732,6.387367415712454,5.675045170465983,5.01162574041571
733,1.252762968495368,1.6635587426865144,1.7252256221278655
734,0.6931471805599453,0.5714735028450096,0.5475411290064769
735,0.4054651081081644,0.8010307502718527,0.8286872925325948
736,0.6931471805599453,0.9445724635459537,0.9933309324223193
737,0.4054651081081644,0.21616941917632337,0.12381571278542036
738,1.3862943611198906,0.4234519815682565,0.39572921155432567
739,1.9459101490553132,2.5623397231706924,2.6268666778661323
740,0.0,1.3380813598276138,2.1504392078008725
741,0.009950330853168092,0.38556509848158993,0.33791808359337866
742,0.4054651081081644,0.8928583174754869,0.709990336456785
743,0.058268908123975824,0.26172470061516573,0.1975441407626343
744,2.8100049236252036,1.53340816222899,1.23088219916637
745,0.01980262729617973,0.47384087591848717,0.5577116977102183
746,0.009950330853168092,0.05983753586904312,0.12519369296321925
747,0.009950330853168092,0.11052541912266456,0.08374602781108738
748,0.03922071315328133,0.15252209057845728,0.1357087718585921
749,2.3978952727983707,2.365383838842093,2.1794026491948046
750,1.3862943611198906,0.9064929885743338,0.9104307443419942
751,0.009950330853168092,0.10619862169782722,0.07989202717623077
752,0.6418538861723947,0.7568378334487333,0.6441476365696535
753,1.791759469228055,2.0639234886445372,2.104776454329448
754,0.6931471805599453,0.8808044976747382,0.6946467823743439
755,0.1823215567939546,0.39194764441839863,0.3096133852410042
756,0.0,0.09636958674523635,0.04667096020521527
757,0.01980262729617973,0.47561892184973054,0.44063168933589053
758,0.9162907318741551,0.7199238501945829,0.7283493649388747
759,1.5040773967762742,2.2291316650291577,1.1732941851057377
760,0.22314355131420976,0.6739116617336994,0.6297806633715127
761,0.6931471805599453,0.45350496575544147,0.41772042179752644
762,0.4054651081081644,1.0213052755618126,0.7728771961101668
763,0.0,0.2563034912364103,0.2549062493067603
764,0.01980262729617973,0.10233683597554302,0.09620831416674598
765,0.5306282510621704,0.46463068232272065,0.4502388871750469
766,1.252762968495368,2.2875536532813463,2.4761643025279043
767,1.791759469228055,0.5770776752078812,0.4677186872314539
768,0.009950330853168092,0.16850791178086247,0.10118411904544854
769,0.6418538861723947,0.9442849412794874,0.9958236780539949
770,1.0986122886681098,0.7779853600739345,0.7482211454042913
771,0.9439058989071285,0.36022823896949113,0.28253527205338225
772,0.009950330853168092,0.1319569889266263,0.11083720121887695
773,3.2188758248682006,1.5822907508723674,1.538183808072497
774,0.09531017980432493,0.22128475725289665,0.22015091665000303
775,0.4054651081081644,0.4742276763104818,0.490126764006026
776,0.0,0.06336485551862273,0.0335253150730628
777,1.0986122886681098,0.5432080954948024,0.5479896302810956
778,0.4054651081081644,0.2546469482650111,0.2284541922330533
779,0.4054651081081644,0.22644777988730935,0.16101780800648327
780,0.4054651081081644,0.14793450978036662,0.15903929970999295
781,0.009950330853168092,0.4076679669510633,0.4459912107108185
782,1.6094379124341003,1.6662657001747845,1.6974459916599693
783,0.009950330853168092,0.052598552859991994,0.057288222139312485
784,0.6418538861723947,0.17742481674553712,0.10559578530881555
785,0.009950330853168092,0.10474904097334617,0.11120215819999596
786,0.009950330853168092,0.21094765117682113,0.1859890896400336
787,1.5686159179138452,1.226133169790083,1.3513307191433206
788,0.0,0.13208833428342698,0.1716194614792118
789,0.0,0.22220034607029293,0.1803530644584251
790,0.6931471805599453,0.7642691076815709,0.6505090397607414
791,0.09531017980432493,0.12339212654425932,0.09226548547119401
792,1.0986122886681098,1.8761484301532942,1.7960910974429731
793,1.0986122886681098,1.2969786089148239,0.934683784240184
794,0.797507195884188,0.36338341593519,0.4367289113733846
795,4.912654885736052,2.7715191265696455,2.825359460046934
796,0.5877866649021191,0.5313208936919148,0.4125886410614472
797,0.9162907318741551,0.11930570005478026,0.0975366541945673
798,0.009950330853168092,0.39277132481646193,0.3767393777784568
799,0.1570037488096647,0.28602305184052407,0.3723242538229514
800,0.01980262729617973,0.37113661182431146,0.287326622228898
801,0.4054651081081644,0.2940582852303158,0.28972120709379384
802,0.009950330853168092,0.19151896200501295,0.22833585855915003
803,3.58351893845611,1.2012280007096856,0.9614282283982643
804,0.01980262729617973,0.6998738071755953,0.842278879211667
805,0.4054651081081644,0.6588611212913712,0.7369915979283636
806,0.009950330853168092,0.24838871571153798,0.1699052660310769
807,0.9162907318741551,0.8439042106888804,0.8611649384402625
808,0.30010459245033816,0.33910651589414603,0.46018869341684576
809,0.13976194237515863,0.1534001527324454,0.12746822235439434
810,1.9459101490553132,1.6251599097583036,1.8012631797236356
811,0.26236426446749106,1.3723300647815628,0.9918523046406681
812,0.01980262729617973,0.15235086136176368,0.15832446363385053
813,0.009950330853168092,0.23338754282474475,0.2523804019225287
814,1.3862943611198906,1.0013505278709955,1.1708647516603614
815,3.828641396489095,2.3191040622721557,2.208983100050726
816,1.3862943611198906,2.552591284811708,2.3389273535060005
817,0.1310282624064042,0.15263985435484753,0.0626160068482876
818,0.0,0.2987939696799408,0.2598982586726551
819,6.198478716492308,3.8433012732037537,4.400780925900188
820,0.4054651081081644,0.44603675185288083,0.4261721589786668
821,0.4054651081081644,0.2946062067896687,0.3451289300144805
822,0.009950330853168092,0.1546045660109759,0.20979779600707263
823,0.009950330853168092,0.5853091969473021,0.5314592114450484
824,1.1314021114911006,1.8397452349893073,1.8785049608953357
825,0.6931471805599453,0.836519682543164,0.7319941050259372
826,0.8754687373538999,0.47230143530227336,0.3485446347556361
827,0.9162907318741551,0.7092336686598173,0.7764480917436323
828,0.4054651081081644,0.2479016551290696,0.23504639882715891
829,0.4054651081081644,0.8870676396327113,0.7411513051366563
830,0.4054651081081644,0.4399364759383894,0.4142043024661193
831,2.8172035149987327,0.8646232349255777,0.8209528112646518
832,0.9162907318741551,0.7319913634814691,0.820912358593082
833,0.009950330853168092,0.0846907317614426,0.08896986267471531
834,0.009950330853168092,0.20640676415811274,0.137910470801027
835,0.009950330853168092,0.11290400695010469,0.13563323850778317
836,0.009950330853168092,0.05341848185989056,0.07219115390304459
837,0.09531017980432493,0.29699117713094386,0.2316810883115382
838,1.6094379124341003,1.6644617860443531,1.4980744456818385
839,0.0,0.1289979532073419,0.13856000019813045
840,4.07753744390572,1.049521435698908,1.7315999411173146
841,1.0986122886681098,1.0538074287675985,0.9329739685167461
842,0.04879016416943204,0.33833342970168895,0.655699422831974
843,0.03922071315328133,0.05028014453683079,0.0440639653045987
844,0.6931471805599453,0.5389661820602742,0.5537114258778622
845,0.009950330853168092,0.3485891391871362,0.23041247607518422
846,0.009950330853168092,0.40627424946174445,0.3400072748411943
847,0.6931471805599453,2.2664764854039263,2.456713671632141
848,0.4054651081081644,0.30662594629636425,0.300741071895525
849,0.4054651081081644,0.28819276282044126,0.3436245183559275
850,0.009950330853168092,0.5749741689032547,0.5406312904020204
851,2.772588722239781,2.2402039922089454,2.337423029287816
852,0.6931471805599453,0.10751441296833839,0.1250453372829699
853,0.6931471805599453,0.5437598890976659,0.549699215705199
854,0.7884573603642703,0.7639700034496559,0.7268599068425599
855,0.009950330853168092,0.19459691465938214,0.14449820312388323
856,1.6094379124341003,2.30784657466291,2.2954146729254687
857,0.03922071315328133,0.04784383869825921,0.05084184017278595
858,1.3862943611198906,0.5871270656611015,0.6872901553777446
859,0.009950330853168092,0.1456232118098798,0.09820712786708721
860,1.252762968495368,1.6421607915154357,1.9163585624316375
861,1.6094379124341003,1.3708192321507517,1.4205923755326109
862,0.9042181506398858,0.9424997857385755,0.8338639830598649
863,6.096950054953959,4.966586692462699,5.502817899734213
864,2.1972245773362196,2.43366706231305,2.2122991521928195
865,0.009950330853168092,0.24319608848822016,0.1873236484861615
866,0.01980262729617973,0.1597728323827442,0.13426170828747458
867,0.009950330853168092,0.44573506067505547,0.4417744576807688
868,0.01980262729617973,0.16284384807108182,0.09003182199858571
869,0.4054651081081644,0.5171810760057112,0.507357706346804
870,2.0794415416798357,0.15118346732423643,0.15102405907072272
871,0.009950330853168092,0.45183381933210826,0.38160718309970787
872,0.009950330853168092,0.15517332350748914,0.19684939637909668
873,0.1823215567939546,0.04971687386898255,0.05881186926063328
874,0.26236426446749106,0.4629998448682104,0.29911370378890095
875,0.5877866649021191,0.2574205748864925,0.31561399149017083
876,0.04879016416943204,1.6587119720948524,1.6045514266893561
877,0.6931471805599453,0.6810030746875355,0.842905365232209
878,0.1823215567939546,1.2677916558602134,1.369729716337842
879,0.01980262729617973,0.2514733969166238,0.2795156627330919
880,0.26236426446749106,0.5659053464828686,0.5126551267098022
881,1.0986122886681098,0.37264542630024006,0.4274280737717718
882,0.09531017980432493,0.9073583299833556,1.0561418801125146
883,2.1972245773362196,2.256267272052879,2.4971614876283605
884,0.0,0.2974400095946879,0.2188836674288238
885,1.6094379124341003,1.853817468711044,1.1666597013024562
886,0.02955880224154443,0.08945992964211451,0.09187834332304473
887,0.6418538861723947,1.9113837454415394,1.9210680368124031
888,0.3364722366212129,0.7964478990738221,0.7019069957156435
889,0.09531017980432493,0.4935747218111966,0.73573851552236
890,1.0986122886681098,0.7413337016175044,0.7044446281092052
891,0.03922071315328133,0.09795465479534732,0.0895110903310752
892,0.4054651081081644,0.8175606095751367,1.036564338201057
893,1.6054298910365616,0.2985590987894351,0.23470789201877718
894,0.6931471805599453,0.6130527947772009,1.003109012067035
895,0.6931471805599453,0.5265023108282637,0.4775666092013299
896,0.04879016416943204,0.1290498762344841,0.10859259279077497
897,0.04879016416943204,0.932788216762262,0.8362466505983764
898,1.3862943611198906,1.525477685610796,1.476906387872747
899,0.03922071315328133,0.0355407654792237,0.05206427572794078
900,0.01980262729617973,0.40448142131247045,0.3693101594053183
901,0.6931471805599453,0.7342806556633803,0.7937185836788963
902,0.04879016416943204,0.4051813400384895,0.30573152791306824
903,0.01980262729617973,0.054840457757455566,0.026105041662944983
904,0.009950330853168092,0.7570804737355223,0.6556956086937058
905,2.2082744135228043,1.5555080300708974,1.2521546211152268
906,0.009950330853168092,0.12398668699663407,0.1964906813590936
907,0.4054651081081644,0.26821040873379126,0.2310161531460522
908,2.8903717578961645,1.0490100507942615,1.088149342282693
909,0.009950330853168092,1.1435032499445585,0.997767575045193
910,0.02955880224154443,0.07017089891759416,0.029570741484958914
911,0.009950330853168092,0.22141650640146412,0.14925070640820925
912,0.6931471805599453,0.7025301079430153,0.7076008654564441
913,0.009950330853168092,0.23544096819445592,0.2784513836574629
914,0.13976194237515863,0.4193223155956966,0.44808672272411476
915,1.791759469228055,1.4853994780826074,1.4320458882608107
916,0.009950330853168092,0.2758303960515631,0.38058429126765075
917,0.009950330853168092,0.26747170392556546,0.2688046341284074
918,1.6094379124341003,4.452841825855506,4.002811764112739
919,1.0986122886681098,1.0217910662957779,1.050130179112903
920,1.791759469228055,1.8816220955859941,1.840983553769657
921,2.2512917986064953,0.7582489182502922,0.4653301841780389
922,0.009950330853168092,0.6716050074421499,0.6779252237720356
923,0.08617769624105241,1.0558956100524628,1.048106933200834
924,0.371563556432483,0.24246198182674847,0.2567236315699473
925,1.0986122886681098,0.9077824262332235,0.8517687915329182
926,0.5306282510621704,0.6100455084803599,0.6847988175651522
927,0.26236426446749106,0.2272865436882748,0.13623228354087397
928,3.9512437185814275,1.7403917389417873,1.5432878088848314
929,0.4054651081081644,0.5240665039949138,0.35760594456894634
930,0.4054651081081644,0.19188196250662762,0.1596796701664678
931,0.4054651081081644,1.5571194161610107,1.4262172199870968
932,1.000631880307906,0.35666763086284214,0.37798971484207916
933,0.3364722366212129,1.0058749119200647,0.915800973487841
934,0.6418538861723947,1.5735746842275973,1.7458453338644602
935,0.5877866649021191,0.9312136612987435,0.9011777575511636
936,0.6931471805599453,0.4986637609751712,0.35933609539156386
937,0.009950330853168092,0.7353465088750604,0.7308524181108941
938,0.01980262729617973,0.0019093704979220878,0.010177990663592816
939,0.09531017980432493,0.968500782370329,0.8613148599376826
940,1.0986122886681098,0.36797186510362523,0.49976908261701375
941,0.6931471805599453,0.46671674505579824,0.353009332152384
942,1.9459101490553132,1.2489230832049407,1.079098081097701
943,0.02955880224154443,0.14488385486092992,0.19228045744971792
944,0.009950330853168092,0.3310461792084846,0.3724983365657246
945,1.3862943611198906,0.14987490088186622,0.17909191508802522
946,0.6931471805599453,0.26534573496706665,0.2957996948784675
947,1.9459101490553132,1.3333773102899815,1.2483575727432952
948,0.06765864847381486,0.3144945814771416,0.3059031399159093
949,1.1474024528375417,1.0029396671642592,1.017773287178092
950,0.4054651081081644,0.24515642942031973,0.23080326013786098
951,0.01980262729617973,0.5529918974233994,0.45866742877078975
952,1.791759469228055,0.9529462009497921,0.9750975863486836
953,0.009950330853168092,0.18573113655149764,0.17329669690622967
954,0.08617769624105241,0.02985669669921458,0.027773958059682458
955,0.009950330853168092,1.0529194473762415,0.8246067630833664
956,1.0986122886681098,0.5726718402102975,0.5196567708318146
957,0.009950330853168092,0.1418230480112802,0.11405608390355854
958,0.4054651081081644,0.25244253693353486,0.24742454531948685
959,1.9810014688665833,0.8156020171939155,0.8573611431282054
960,1.0986122886681098,2.5308912104752364,2.43824222037286
961,0.009950330853168092,0.11272792761706532,0.09801547267933079
962,0.9162907318741551,2.4030827033862163,2.2882615522526675
963,0.0,0.05467891741724518,0.03315892933478412
964,0.6931471805599453,0.4076756450233697,0.41946890390121294
965,0.5306282510621704,0.2537406908769556,0.23829342544769566
966,0.6418538861723947,0.30520688335201507,0.19229562963319452
967,0.26236426446749106,0.9004451512164549,1.0132740325620995
968,1.0986122886681098,0.8510664718133711,0.7017626908722291
969,0.04879016416943204,0.5236351393770343,0.38372640052277013
970,2.8903717578961645,0.6644175656248902,0.5556980177427325
971,0.01980262729617973,0.09409072939732761,0.07874209821956418
972,0.4054651081081644,0.1659378575352121,0.14725398688716948
973,0.5877866649021191,0.2127033977758499,0.21133234563842543
974,0.4054651081081644,0.2804619624921403,0.19673801895809354
975,4.5217885770490405,2.103388532041902,2.0970156609102646
976,0.009950330853168092,0.10601577997438706,0.08517607245739728
977,0.09531017980432493,0.19616598606480856,0.17354724121216447
978,0.4054651081081644,0.8285887496499831,0.9765202235844805
979,0.03922071315328133,0.2611430281760978,0.2113565771131448
980,0.4054651081081644,1.081445526564316,1.0279109995357845
981,0.9162907318741551,1.1889324103664798,1.1634803187129972
982,0.009950330853168092,0.27587011864716593,0.25320786235630666
983,0.1823215567939546,0.41783062721713954,0.324365083018637
984,0.4054651081081644,0.8749819679019324,0.8122048123677084
985,2.3513752571634776,1.6742154051699978,1.8481581155951325
986,0.26236426446749106,0.2859769515717438,0.23544971112661275
987,0.009950330853168092,0.24898259685283147,0.2072060329094987
988,1.6094379124341003,0.6565634568169836,0.8468183831203497
989,1.6094379124341003,1.753975593488073,1.7470674979604257
990,2.587011872725154,2.133315764445683,2.1835901287688624
991,0.009950330853168092,0.1436361589968443,0.15908187535474066
992,4.2626798770413155,0.5835903635251072,0.7115429069568148
993,0.4054651081081644,1.8254611184602367,1.7180357745446329
994,0.6931471805599453,1.0819980228647494,1.3311735509750267
995,1.6094379124341003,1.0236004170638007,1.1817848864041935
996,0.01980262729617973,0.05890343586277279,0.04327976369384692
997,1.0296194171811581,0.5756457064128955,0.5508769489865916
998,0.6931471805599453,0.610805289186105,0.4515021395726314
999,0.01980262729617973,0.0642501524680532,0.05457536000750597
1000,0.0769610411361284,0.3469976114103536,0.49172753913607425
1001,1.791759469228055,1.7309168417875094,1.5218855450786057
1002,0.009950330853168092,0.06221853325046415,0.07459385611656554
1003,0.02955880224154443,0.09804657036751893,0.10760484483325643
1004,0.3148107398400336,0.15776389586200137,0.13502123605129512
1005,0.4054651081081644,0.1924216901140364,0.21922188360421221
1006,1.0986122886681098,0.5517775898118017,0.5078095401176834
1007,1.840549633397487,0.5635345173115495,0.6145052102225741
1008,0.0,0.17816836437104452,0.10412568101708425
1009,1.0986122886681098,2.2995795889532324,2.127634064920689
1010,0.9162907318741551,0.3819535249866728,0.3795380313563739
1011,0.06765864847381486,0.18252812068808857,0.14374943784681188
1012,0.009950330853168092,0.68871477828942,0.5801490922579551
1013,0.09531017980432493,0.5248257279350177,0.4801612600951699
1014,0.6418538861723947,0.7780595365474865,0.8423926626735663
1015,2.4849066497880004,1.6538185131963328,1.7105226610947448
1016,0.01980262729617973,0.13955749635153172,0.08999853520737355
1017,4.634728988229636,3.5422685601765527,3.444519577537587
1018,0.9162907318741551,1.8345729013274628,1.7761987036495517
1019,0.6418538861723947,1.271452234545808,1.1153047092919708
1020,0.8153648132841944,0.479026839973516,0.5181655936061812
1021,0.0,0.5099228041049889,0.4255413870060277
1022,1.0986122886681098,0.9800678591867169,0.8712595845004278
1023,0.09531017980432493,0.5311318713903264,0.5539060869640822
1024,0.09531017980432493,0.05206910831945833,0.04151299755706499
1025,0.02955880224154443,0.5716198037699656,0.536462105642782
1026,0.6931471805599453,0.20822915126477398,0.15061279754722454
1027,0.7884573603642703,0.29477447702830645,0.2790155264324968
1028,0.6931471805599453,0.4335021082201889,0.39678418769708246
1029,1.3862943611198906,1.317502759184127,1.4656596265997675
1030,0.009950330853168092,0.03821956876540638,0.019449906025326976
1031,0.6931471805599453,0.7114065661224369,0.6272464376570794
1032,0.6931471805599453,0.6309877427711099,0.7015922938436807
1033,0.13976194237515863,0.4695276715555519,0.5729661054849098
1034,1.0986122886681098,0.7957571434633758,0.5723310407707953
1035,0.9162907318741551,1.566436433407694,1.603797239670062
1036,0.9162907318741551,2.1861679652071144,2.3036278354239017
1037,1.3862943611198906,0.3311150294005765,0.18238413421489708
1038,0.26236426446749106,0.18306148828575053,0.2747304445753287
1039,0.0,0.05676959729775601,0.11583415336608288
1040,1.9459101490553132,2.500754643315504,2.530499922191158
1041,1.3862943611198906,0.7382490833774821,0.6909870236284614
1042,0.4054651081081644,0.3791872459514427,0.2993012266541347
1043,0.4054651081081644,0.3878585871852416,0.4151907442433817
1044,0.02955880224154443,0.41924403242420505,0.4504526158737317
1045,0.4054651081081644,0.810145624386806,0.7746998110188262
1046,1.6094379124341003,1.5382345747192396,1.4799879662696869
1047,0.4054651081081644,0.7297312172994929,0.6038190424272184
1048,0.009950330853168092,0.19416774935463882,0.17464811652446358
1049,0.0,0.04633187490933235,0.05461586543974705
1050,0.4054651081081644,0.2202154990345329,0.22224605031954098
1051,0.08617769624105241,0.1610910657377912,0.1400487267232462
1052,0.02955880224154443,0.06178360083562596,0.05006976794064486
1053,0.6418538861723947,0.5166264794169123,0.46152575102526827
1054,0.009950330853168092,0.08382550582764241,0.043046817318709046
1055,0.009950330853168092,0.8603028349278212,0.9075884955176602
1056,0.058268908123975824,0.05305401172258264,0.02130055046386027
1057,0.009950330853168092,0.541380227945715,0.5765677000841188
1058,0.5306282510621704,0.8797543569946553,0.9098604533270688
1059,0.009950330853168092,0.21762283329338517,0.10636825427284531
1060,0.4054651081081644,0.6142243744032886,0.642502587439959
1061,0.02955880224154443,0.04476924795930154,0.06212219919633814
1062,0.058268908123975824,0.06893586083951811,0.07330401525087198
1063,0.09531017980432493,0.2126802547462338,0.17977529475570933
1064,0.009950330853168092,0.06764989745802308,0.05655069260244337
1065,5.236441962829949,2.6261028351634197,2.5073833411297723
1066,2.772588722239781,2.2062393584176547,2.3601648048175594
1067,0.5877866649021191,0.6860356569574669,0.6595354504252733
1068,0.4054651081081644,1.2320178069848813,1.394966485694813
1069,0.009950330853168092,0.03360677442706204,0.04169434610782016
1070,0.009950330853168092,0.21789680217704313,0.2064278216009952
1071,0.0,0.12398828622350325,0.11695060538173763
1072,1.0986122886681098,0.33230550203860126,0.6009889084086777
1073,0.03922071315328133,0.356679767614692,0.2738100572898341
1074,0.9162907318741551,0.7029777569281626,0.7335035714481255
1075,0.0,0.13124115651623014,0.08124675137168005
1076,0.09531017980432493,0.16712992534620516,0.14721298356621473
1077,0.02955880224154443,0.3520454418471008,0.3597346019088512
1078,1.0986122886681098,0.9248309576101214,0.9101039920361166
1079,0.4054651081081644,1.172722792205312,1.3681605266928798
1080,1.3862943611198906,1.216129381719997,1.204455311759395
1081,0.009950330853168092,0.23968693672584845,0.28794625485740416
1082,1.9459101490553132,1.3807320368413882,1.2657142938247132
1083,3.4965075614664802,1.9049792379949813,2.618188371206964
1084,0.01980262729617973,0.3837916171430574,0.802289262614466
1085,0.03922071315328133,0.9937337005618623,0.9021004349820326
1086,0.4054651081081644,1.047412084348146,0.9265189227022143
1087,0.009950330853168092,0.6965013673987738,0.9139155684331564
1088,0.009950330853168092,0.15686947116354444,0.1409049674913085
1089,0.4054651081081644,0.43529172777941744,0.5381635570231937
1090,0.4054651081081644,0.09419973303873362,0.05770338601110384
1091,0.009950330853168092,0.14361130169697775,0.16940003461110606
1092,0.5306282510621704,0.6444646544695009,1.1221438388651397
1093,1.0986122886681098,0.9808800901275209,0.8124095158777661
1094,0.3148107398400336,0.6941040996489534,0.4883598433435777
1095,2.3978952727983707,1.1430192115916962,1.2674913964523677
1096,1.3862943611198906,0.8038796423523581,0.7460824781756973
1097,0.4054651081081644,0.4202592080105559,0.4543033725420756
1098,0.0,0.34738757998833664,0.397361533781322
1099,0.009950330853168092,0.29099426195911093,0.31911988601658714
1100,0.9162907318741551,1.4768469299621614,1.2189882436099593
1101,0.5877866649021191,0.16688345393908588,0.10383356472203531
1102,0.35065687161316933,0.2753674088138295,0.27319193393773283
1103,0.01980262729617973,0.23383274353859804,0.2952135932452716
1104,0.009950330853168092,0.3667683548900147,0.48847219423903465
1105,5.135798437050262,2.5168695864387667,2.7222474068015963
1106,0.26236426446749106,0.18056365934888494,0.12270626013596164
1107,0.4054651081081644,0.625736369961678,0.5913394381893019
1108,0.9162907318741551,1.060368411454409,1.3543643390194993
1109,1.791759469228055,1.7976206093918714,1.9292808803480972
1110,2.0794415416798357,1.6921481901398245,1.675491574998242
1111,0.6931471805599453,0.7136945476764225,0.8160680055941636
1112,0.0769610411361284,0.07823662038174539,0.05082218597209231
1113,0.6931471805599453,0.9255534667400716,0.9040134276481097
1114,0.3364722366212129,0.2774598174541502,0.24992208484091807
1115,1.3862943611198906,0.7837560484599163,0.8197280182816183
1116,0.13976194237515863,0.4662968595097019,0.3786568055462829
1117,0.009950330853168092,0.5040895909019772,0.3689965189404956
1118,0.10436001532424286,0.23162178985475676,0.3233747788917231
1119,0.09531017980432493,1.2953277322171046,1.3641324526200662
1120,0.9162907318741551,0.40004661803922587,0.4097082438997362
1121,0.009950330853168092,0.13725628357414138,0.1599351206801287
1122,0.009950330853168092,0.5196190336838402,0.5050767440064721
1123,0.09531017980432493,0.32112001806034585,0.4502362570897101
1124,0.0,0.05606891852602192,0.02280890879917592
1125,1.0986122886681098,0.6984748941978768,0.789351238974803
1126,0.02955880224154443,0.058397916474802206,0.0674526037415985
1127,0.4054651081081644,0.584346021324525,0.5983848528098065
1128,0.26236426446749106,0.4910466987662687,0.49352878539174555
1129,0.009950330853168092,0.261961944686873,0.3618351671262075
1130,0.4054651081081644,0.3277860552582912,0.28245771278095705
1131,0.04879016416943204,0.13290104097617295,0.13504164197778742
1132,0.0,0.12744559396242067,0.06595291462403695
1133,0.13976194237515863,0.5553691252792443,0.4634744389621468
1134,0.08617769624105241,0.2799704506614069,0.2662913336857734
1135,0.1823215567939546,0.17083538872974774,0.15622221820485963
1136,0.058268908123975824,0.018953232022933298,0.019651998540623404
1137,0.009950330853168092,0.4256162467570256,0.4081337195978961
1138,0.01980262729617973,0.11822950781473039,0.11415437739170219
1139,0.13976194237515863,0.20001084515567277,0.21055246510760306
1140,0.26236426446749106,0.3082805041128573,0.3262783325363177
1141,1.0296194171811581,0.8621743435473994,0.87362011833482
1142,0.009950330853168092,0.10615590382968655,0.0822304846530225
1143,1.0986122886681098,0.2173318274487011,0.2451630746028651
1144,3.044522437723423,1.9712226528295755,2.185675534094676
1145,1.252762968495368,1.063338215315843,0.9609808440509954
1146,0.0,0.3304424231800563,0.207820969038578
1147,1.252762968495368,0.8122942956396179,0.9592846474823139
1148,0.6931471805599453,0.8205250370048242,0.7148682642173674
1149,0.02955880224154443,0.022578893398205263,0.023928927736485563
1150,2.0794415416798357,1.396079496831027,1.5999683181459314
1151,0.4054651081081644,0.3291696560214214,0.39619814109917556
1152,0.1823215567939546,0.4768610485557414,0.391393922251076
1153,0.4054651081081644,0.262870920577476,0.270143249761621
1154,0.4054651081081644,0.7941938408435091,0.7290933176855445
1155,0.009950330853168092,1.0612472258530614,1.0589689286099446
1156,0.47000362924573563,0.5751342440646586,0.6750950852875428
1157,0.009950330853168092,0.017809356505137965,0.01883588586825697
1158,0.009950330853168092,0.17933153633356216,0.14584400459430738
1159,0.009950330853168092,0.11552168725448092,0.1029409462080469
1160,0.09531017980432493,0.818212161612783,0.8771648427660863
1161,1.0986122886681098,0.824145811337254,0.681801154537343
1162,0.009950330853168092,0.2137338859438902,0.23475245384495835
1163,0.4054651081081644,1.6435552906036324,2.2615359863777393
1164,0.4054651081081644,0.49868521384755204,0.471154637844508
1165,0.058268908123975824,0.1302549500376973,0.13398305093500235
1166,0.6418538861723947,0.2873490911254227,0.22920649152820602
1167,0.009950330853168092,0.5773210386472089,0.5530064858563432
1168,0.009950330853168092,0.41708442671666957,0.32611409535607305
1169,0.009950330853168092,0.1812373237028693,0.14372263772775637
1170,0.7419373447293773,0.512854182831484,0.4963987828156945
1171,0.009950330853168092,0.12269372475524311,0.08498440910163473
1172,0.01980262729617973,0.1463069118068182,0.12779515551087192
1173,4.276666119016055,2.1487201510063203,2.210634122769873
1174,0.01980262729617973,0.1313342433023716,0.13573483415517615
1175,0.009950330853168092,0.49817935645812356,0.5186391880728315
1176,0.1823215567939546,0.041228883964611905,0.02649932872226339
1177,0.009950330853168092,0.34973020308756525,0.4268446388950813
1178,5.638354669333745,1.3545491695306362,1.3117377514028303
1179,1.6094379124341003,0.7454994851810143,0.7786123407223581
1180,2.1972245773362196,2.9216658804243254,2.870762563452566
1181,0.009950330853168092,0.2314635593285639,0.19936143296968528
1182,0.6931471805599453,0.46282016667929127,0.3683266323423526
1183,1.0986122886681098,0.11964958157684638,0.062444312057003654
1184,2.0149030205422647,2.1341557730668517,2.1306313866494935
1185,3.1135153092103742,2.237558113561424,2.2530963448523487
1186,2.151762203259462,1.8742474179755704,2.019746066234251
1187,2.70805020110221,1.8396681428297867,1.8210486105079093
1188,0.6931471805599453,0.46274923841394894,0.46551918320229047
1189,0.3364722366212129,0.2808008344194842,0.21784781548825527
1190,0.5306282510621704,0.8226526940045291,0.77945474700631
1191,0.009950330853168092,0.4160885616529957,0.4095250413638508
1192,0.009950330853168092,0.22954114063132924,0.20784658753924048
1193,0.009950330853168092,0.1225498945900131,0.14159505528868663
1194,1.7047480922384253,0.5663975171508315,0.43150289631321287
1195,0.09531017980432493,2.9902754194245413,2.9543716261997868
1196,1.7047480922384253,1.565212333730685,1.668564087127839
1197,0.6931471805599453,0.6021903825299609,0.5835081989758635
1198,2.1972245773362196,2.4617870312804495,1.7388200793273914
1199,0.0,0.19259367885609882,0.17490385800508246
1200,0.009950330853168092,0.0343982832055778,0.016918372314025935
1201,0.4054651081081644,0.2272246021661835,0.16496506459953256
1202,0.5877866649021191,0.557262901289957,0.5309128094017351
1203,0.9162907318741551,1.0354031359058984,0.97283689529137
1204,0.04879016416943204,0.21649698370417914,0.17699666031258407
1205,0.009950330853168092,0.19890270667229398,0.17476962680648828
1206,1.3862943611198906,0.96112515649025,1.08017816743594
1207,1.1939224684724346,1.0508568212843223,0.9663182259144297
1208,0.4054651081081644,0.22596733967178742,0.1610869061273408
1209,0.009950330853168092,0.332552098473045,0.34099992290330755
1210,0.0,0.16997127777075882,0.1991940936054715
1211,0.26236426446749106,0.1004741731589268,0.1850058834843778
1212,0.6931471805599453,0.9793906749742098,1.0381508319987756
1213,3.044522437723423,1.1314386353886305,1.0049329764720862
1214,0.04879016416943204,0.3652003645156478,0.34057538225283196
1215,1.9892432737616872,1.9050222515462862,2.666008600192743
1216,0.26236426446749106,0.4186233670987597,0.46466399761124405
1217,0.0,0.08973067914402001,0.13947541114448747
1218,0.5306282510621704,1.5920939408119308,1.9778347484513514
1219,0.009950330853168092,0.14513124775357925,0.18215389962640938
1220,0.09531017980432493,0.3426467048172482,0.473459835423091
1221,0.9162907318741551,0.5125941826223849,0.6801082881766614
1222,0.6418538861723947,0.558398522819758,0.4525957619075757
1223,0.009950330853168092,0.7785346306870621,0.7266558833312028
1224,0.0,0.04184599255630356,0.01679146885341743
1225,0.04879016416943204,0.693452704676806,0.5779667885090956
1226,0.4054651081081644,0.6987303088133424,0.5795213441501857
1227,0.009950330853168092,0.24079021658920127,0.29284786844767985
1228,0.9162907318741551,0.3530576706934727,0.23520550411749838
1229,1.3862943611198906,1.2680256857441838,1.7137853828746241
1230,3.258096538021482,2.784496625616745,2.6748033729986673
1231,0.009950330853168092,0.7006678139265123,0.8406182530579688
1232,1.3862943611198906,0.26641842261559506,0.22793927314456108
1233,0.009950330853168092,0.15913176995224787,0.17195242821866624
1234,0.4054651081081644,0.4952740535870406,0.5749737613871926
1235,0.09531017980432493,0.7603778292760012,0.7906059105287454
1236,0.26236426446749106,0.20039946149036822,0.20666579399997836
1237,0.6418538861723947,0.977789869706085,0.8330699888227318
1238,1.791759469228055,1.1817080673622664,1.3444035375308678
1239,0.09531017980432493,0.2502574471981119,0.2632061293059004
1240,0.01980262729617973,0.04605316099422323,0.06934966256634795
1241,0.009950330853168092,0.05949374181481099,0.06319124530763619
1242,0.009950330853168092,0.4602291752795546,0.6791747203600876
1243,0.009950330853168092,0.08736745004546599,0.062086322879524154
1244,0.6931471805599453,0.3692274256980104,0.48541814999394595
1245,0.009950330853168092,0.26507279861093264,0.30520972781865985
1246,0.0,1.594223396480115,1.1941375339062386
1247,2.624668592163159,1.9762105301379358,1.8332893180261594
1248,0.03922071315328133,0.7510190140729565,0.45639054752886027
1249,0.009950330853168092,0.05104260843978537,0.0689682087302372
1250,0.4054651081081644,0.06910634464545157,0.044563057857091755
1251,1.0986122886681098,1.1730571011620985,1.2687795404524462
1252,0.009950330853168092,0.5851366628904995,0.6037009090843278
1253,0.03922071315328133,0.10503808132317893,0.08660706441791226
1254,4.875197323201151,2.9119988187863117,3.2848275958283035
1255,0.6418538861723947,0.38225982894438615,0.4978647988836606
1256,0.6931471805599453,1.1064879205858367,1.3940140641859802
1257,2.302585092994046,1.4992676116552586,1.3614830401829312
1258,0.6418538861723947,0.8404988764381609,0.7384224092610134
1259,0.009950330853168092,0.03795486230850601,0.0382789234051573
1260,0.01980262729617973,0.07829256183716608,0.07496510928950681
1261,2.302585092994046,2.4725815816179106,2.1957672748068893
1262,2.1972245773362196,1.0004367331376596,0.998843033303005
1263,0.6931471805599453,0.9501161589681294,0.7865587380694362
1264,0.09531017980432493,0.0665267302672357,0.07367113471281486
1265,0.02955880224154443,0.16780346631611645,0.15226994165583593
1266,3.928880122494569,4.555530831982244,4.436251081087853
1267,0.0,0.13243502872150706,0.1620198887954429
1268,0.009950330853168092,0.10158656293431555,0.08862033513069244
1269,0.09531017980432493,0.5668998922256613,0.5281355679892552
1270,0.009950330853168092,0.5580935469073797,0.5170208024761092
1271,2.1400661634962708,2.6082626924891215,2.186958022954262
1272,0.3364722366212129,0.1579140073897009,0.13119561133944932
1273,2.302585092994046,2.534367792934259,2.4300173743778597
1274,0.04879016416943204,0.37366014501415834,0.3664919406098182
1275,3.295836866004329,0.8764415241027705,0.7715809700979118
1276,0.01980262729617973,0.3704499422578513,0.2542420384424017
1277,6.302545712987995,5.476803149193209,5.661732795177873
1278,0.009950330853168092,0.06039799548966781,0.06270786047032248
1279,0.009950330853168092,0.18528604639307417,0.2690417084966758
1280,0.47000362924573563,0.22095198563189758,0.29120584523226256
1281,1.0986122886681098,0.7047969604347415,0.6733027341520544
1282,0.009950330853168092,0.03416435934488078,0.024165489923101788
1283,2.1972245773362196,1.8786564109704726,1.9798506551956259
1284,0.6931471805599453,1.604541331494287,1.5490379670068677
1285,0.9162907318741551,0.48457517576741393,0.3666320213760405
1286,0.16551443847757333,0.5281632527058203,0.5588379096611323
1287,3.367295829986474,4.767244645355009,5.126185919226026
1288,0.22314355131420976,0.1509473847592428,0.1468815779327147
1289,0.1823215567939546,0.5109439645294228,0.42877807806143187
1290,0.09531017980432493,0.3109011102912662,0.23811754395428453
1291,5.831882477283517,4.424798588114156,5.112700146072272
1292,0.26236426446749106,0.5618863084946597,0.46243211564838
1293,0.5596157879354227,0.14955897254571338,0.14261526926475546
1294,0.9162907318741551,2.0400239267016236,2.1318873705789163
1295,0.009950330853168092,0.2910965089555135,0.16542082682999798
1296,0.04879016416943204,0.5192169388855349,0.4315613035022489
1297,3.7285808209654885,0.8485080687476213,0.8526811491534763
1298,0.26236426446749106,1.89508085939437,1.5695722020135923
1299,5.645446897643238,2.3331068374230695,2.3616573887658148
1300,0.1823215567939546,0.36351542782746316,0.37697860245646586
1301,0.0,0.11637710414725122,0.11981488063450005
1302,0.9162907318741551,0.8156021335994335,0.8946775513587488
1303,0.0,0.06684138410409195,0.08228115321295011
1304,1.3862943611198906,1.007860611111748,0.9871025213028858
1305,1.0986122886681098,0.9680119343834214,0.9052950999608745
1306,0.08617769624105241,0.44668666848823535,0.34175417705641187
1307,0.09531017980432493,0.8161206182723042,0.6567908530299121
1308,0.009950330853168092,0.20906648123274849,0.2560484932645183
1309,1.0986122886681098,0.7209890045403207,0.7812627118872802
1310,0.009950330853168092,0.5375265515633407,0.5927114088824722
1311,0.22314355131420976,0.15326602650687718,0.1455994626149525
1312,0.02955880224154443,0.2864735929947921,0.27256507532694246
1313,0.01980262729617973,0.17368376558453932,0.23505341081557807
1314,0.4054651081081644,1.261910248666796,1.3806528120251647
1315,1.0986122886681098,0.39602112166195064,0.509947380088325
1316,0.1823215567939546,1.0749191409152,0.9853019546383703
1317,0.47000362924573563,0.39798821838000636,0.40382925528251756
1318,0.13976194237515863,0.17561602715323635,0.14007929956996737
1319,0.4054651081081644,0.26206576400849274,0.3515830616786294
1320,0.03922071315328133,0.13271018237106835,0.12501379858501685
1321,0.009950330853168092,0.3823521228390483,0.3994742327572077
1322,0.1823215567939546,0.8105628160762016,0.7480108380817104
1323,0.6418538861723947,1.013253424842149,1.1223883282421045
1324,1.3862943611198906,0.734418267778386,0.9545146329771694
1325,2.302585092994046,1.0277970228357054,0.7822890270656676
1326,0.009950330853168092,0.0824057145179308,0.06337978079882407
1327,0.09531017980432493,0.364269325723138,0.3215857483057912
1328,0.5877866649021191,0.4792578911361225,0.4890255386718744
1329,0.0,0.07474623811903221,0.05853344195778698
1330,0.009950330853168092,0.6913180641030795,0.5138062757530476
1331,0.4054651081081644,0.6218693871178056,0.6262364297447844
1332,0.6931471805599453,0.4564473393174245,0.3916384210122552
1333,0.5877866649021191,0.6307507197360295,0.5361049996830629
1334,0.6931471805599453,1.0988963580404587,1.1179728104759203
1335,0.9162907318741551,0.9324930121192095,0.7697966900504124
1336,0.6931471805599453,0.5982801147225453,0.650858718489491
1337,0.04879016416943204,0.9944987610015614,0.9622196339739711
1338,0.009950330853168092,0.39791088461629726,0.4262102513718945
1339,1.3862943611198906,1.4268240686177491,1.998530644223501
1340,0.5306282510621704,0.6459976559607058,0.6360385329574174
1341,0.009950330853168092,0.24990178233336816,0.36812428940282255
1342,0.009950330853168092,0.1152690674427953,0.07287569086817672
1343,0.6418538861723947,0.4886160251795082,0.37325058651081916
1344,0.4054651081081644,0.24173367132251833,0.1693846187494836
1345,0.0769610411361284,0.3831245038074891,0.2930112066868135
1346,0.009950330853168092,0.05553522796920283,0.06565368139455964
1347,1.3862943611198906,0.516683250557593,0.4029234801356637
1348,0.01980262729617973,0.08895285974375787,0.07116140465412372
1349,0.6418538861723947,0.7461717085343383,0.6249222522381789
1350,1.9459101490553132,1.5745092416928863,1.668654380946291
1351,0.01980262729617973,0.08356177725974007,0.05570589377452847
1352,0.4054651081081644,1.0212691835092658,0.9503102292316811
1353,4.448516375942715,2.8385404078854055,3.2450162758097925
1354,1.7561322915849038,0.2685139993833719,0.2946954735962663
1355,1.5040773967762742,1.3261691715877542,1.3214082872251474
1356,0.009950330853168092,0.13106626828543966,0.16763419051255163
1357,0.009950330853168092,0.5990155034698341,0.5405809698002951
1358,0.009950330853168092,0.3462451046256049,0.42369198867176733
1359,1.5040773967762742,0.2649944439335385,0.17802672274062672
1360,0.009950330853168092,0.0408755060981881,0.03492395220119513
1361,0.04879016416943204,0.563994861538946,0.5282265541897058
1362,0.4054651081081644,0.27736442787231136,0.3852421561414826
1363,0.0,0.1023294182768446,0.09044261711471975
1364,0.4054651081081644,0.44465601244286623,0.36020050157256855
1365,0.009950330853168092,0.7777517246266913,0.7904444066372048
1366,0.009950330853168092,0.72245412156347,0.6650958478281833
1367,0.6931471805599453,0.13141429208698885,0.08189139850368901
1368,0.3364722366212129,0.2207234732418634,0.2726273344572301
1369,0.22314355131420976,0.14370907863711216,0.11053710113300434
1370,0.1823215567939546,0.2565693981892452,0.2067117737404476
1371,0.6931471805599453,1.8945720390019831,1.817535253299266
1372,1.3862943611198906,0.7173572678928508,0.6987436765004792
1373,0.5877866649021191,0.3063175825962634,0.22890260181807
1374,3.8607297110405954,1.5903414124810646,1.6198509422948573
1375,1.7047480922384253,0.040542960585325576,0.04681249337368924
1376,1.0986122886681098,0.9288611699180559,0.9214609321624407
1377,0.1310282624064042,0.236711696523624,0.3051571609639486
1378,0.9162907318741551,0.8968354652206044,0.8271672918059093
1379,0.009950330853168092,0.15730851183782427,0.0872662745567448
1380,0.009950330853168092,0.18448219127676527,0.16589236880942465
1381,4.053522567701846,3.0218995439697487,2.683650182582572
1382,1.4350845252893227,1.7185670767431518,1.9017109685732314
1383,0.6931471805599453,0.6404587293507547,0.5197385708183588
1384,0.9162907318741551,0.5212457810634141,0.47358784307689317
1385,0.11332868530700327,0.16145751048691767,0.13869386467430567
1386,1.0986122886681098,0.31004426379665445,0.4373942537243304
1387,1.0986122886681098,0.5238523749799238,0.7180208370249155
1388,0.26236426446749106,0.5209294782236672,0.5488190061334265
1389,0.13976194237515863,0.17687829873138386,0.1790485742309679
1390,0.4054651081081644,0.33035560694713134,0.3167638932939241
1391,0.04879016416943204,0.12843489745935777,0.07050862635993518
1392,1.3862943611198906,1.4478958652119642,1.2032057256170563
1393,0.9162907318741551,1.2875121750791707,1.3172110255213492
1394,0.0,0.03132292330838422,0.02283034793257939
1395,0.1823215567939546,0.7218827469292123,0.6227780721530803
1396,2.740840023925201,0.7397305701524659,0.6379044873576035
1397,0.9162907318741551,0.48588511190424194,0.5304813787294971
1398,1.252762968495368,0.14340496750687134,0.14184385159720522
1399,0.6931471805599453,0.1856393721075672,0.2492514786054808
1400,0.04879016416943204,0.3735860793369602,0.43031337495819727
1401,0.009950330853168092,0.1358965511499361,0.09957312970105699
1402,0.5306282510621704,0.6981687884939051,0.7361654110243205
1403,0.009950330853168092,0.08872637856743797,0.14869419599142508
1404,2.5257286443082556,2.859804864385862,2.899967252140024
1405,0.04879016416943204,0.562418801223633,0.6212092889035064
1406,0.009950330853168092,0.3609310735325041,0.35229801386154347
1407,0.9162907318741551,2.6291853323613408,2.5752574832780386
1408,1.252762968495368,1.4515760593925213,1.3811234256960945
1409,8.252967195000798,6.731433103904745,6.403002151175064
1410,2.3978952727983707,1.8017981062910515,1.8302900366074824
1411,0.6418538861723947,1.3845321729160613,1.494258201199188
1412,0.009950330853168092,0.06354308200655756,0.04106319111830839
1413,0.04879016416943204,0.26027206150519766,0.2820665884145891
1414,1.6094379124341003,1.087219956559748,1.118733075001347
1415,0.4054651081081644,0.13871886827281923,0.1996035391543933
1416,0.4054651081081644,0.5455770152456548,0.5705809105108235
1417,1.0986122886681098,1.1033799937732918,1.073603255150189
1418,0.3364722366212129,0.21064849095120264,0.14241795699858015
1419,0.6931471805599453,0.5985453833193213,0.5464674585613438
1420,0.6931471805599453,0.8101234345233363,0.8252287071418464
1421,0.009950330853168092,0.09829304456014733,0.09131283362579465
1422,0.26236426446749106,0.25238521439532186,0.23998912345607054
1423,0.6931471805599453,0.05682039215190573,0.05255210075259135
1424,0.009950330853168092,0.20416810365981086,0.1836886932163003
1425,0.6931471805599453,0.5690125913492817,0.4994885125106887
1426,0.009950330853168092,0.055078590215050786,0.05107363956599153
1427,0.19885085874516517,0.06405604036097158,0.0666418144339139
1428,1.3862943611198906,1.8215435877590278,2.019050939784499
1429,4.762173934797756,1.9980862298954634,2.3814978507340463
1430,0.009950330853168092,0.03806204730424176,0.020956527102706277
1431,1.6094379124341003,0.9757394925775228,0.7485360010638398
1432,2.772588722239781,0.7343589593386796,0.731545413676032
1433,1.0986122886681098,0.5904700181925902,0.5958945128099904
1434,1.0986122886681098,2.794474668949328,2.968858675629755
1435,0.4054651081081644,0.3185773352078262,0.30916413189291875
1436,1.7509374747078,1.3986520190302014,1.48738736776611
1437,2.70805020110221,1.947783500259675,1.739913220688274
1438,0.0,0.28484473463885496,0.3510456006146053
1439,0.01980262729617973,0.10951808458252818,0.08361112594839148
1440,0.0,0.01812822767712223,0.008722493242933164
1441,0.26236426446749106,0.12793944961643475,0.18771083399214172
1442,0.11332868530700327,0.2353490343597343,0.13617249663188552
